 0
 0
 0
 0
 0
 0
 0
 0
 0
 0
 0
 0
 0
 0
 0
 0
 0
 0
 0
 0
 0
 0
 0
 0
 0
 0
 0
 0
 0
 0
 0
 0
 0
 0
 0
 0
 0
 0
 0
 0
 0
 0
 0
 0
 0
 0
 0
 0
 0
 0
 0
 0
 0
 0
 0
 0
 0
 0
 0
 0
 0
 0
 0
 0
 0
 0
 0
 0
 0
 0
 0
 0
 0
 0
 0
 0
 0
 0
 0
 0
 0
 0
 0
 0
 0
 0
 0
 0
 0
 0
 0
 0
 0
 0
 0
 0
 0
 0
 0
 0
 0
 0
 0
 0
 0
 0
 0
 0
 0
 0
 0
 0
 0
 0
 0
 0
 0
 0
 0
 0
 0
 0
 0
 0
 0
 0
 0
 0
 0
 0
 0
 0
 0
 0
 0
 0
 0
 0
 0
 0
 0
 0
 0
 0
 0
 0
 0
 0
 0
 0
 0
 0
 0
 0
 0
 0
 0
 0
 0
 0
 0
 0
 0
 0
 0
 0
 0
 0
 0
 0
 0
 0
 0
 0
 0
 0
 0
 0
 0
 0
 0
 0
 0
 0
 0
 0
 0
 0
 0
 0
 0
 0
 0
 0
 0
 0
 0
 0
 0
 0
 0
 0
 0
 0
 0
 0
 0
 0
 0
 0
 0
 0
 0
 0
 0
 0
 0
 0
 0
 0
 0
 0
 0
 0
 0
 0
 0
 0
 0
 0
 0
 0
 0
 0
 0
 0
 0
 0
 0
 0
 0
 0
 0
 0
 0
 0
 0
 0
 0
 0
 0
 0
 0
 0
 0
 0
 0
 1
 2
 3
 4
 5
 6
 7
 8
 9
10
11
12
13
14
15
16
17
18
19
20
21
22
23
24
25
26
27
28
29
30
31
32
33
34
35
36
37
38
39
40
41
42
43
44
45
46
47
48
49
50
51
52
53
54
55
56
57
58
59
60
61
62
63
64
65
66
67
68
69
70
71
72
73
74
75
76
77
78
79
80
81
82
83
84
85
86
87
88
89
90
91
92
93
94
95
96
97
98
99
100
101
102
103
104
105
106
107
108
109
110
111
112
113
114
115
116
117
118
119
120
121
122
123
124
125
126
127
128
129
130
131
132
133
134
135
136
137
138
139
140
141
142
143
144
145
146
147
148
149
150
151
152
153
154
155
156
157
158
159
160
161
162
163
164
165
166
167
168
169
170
171
172
173
174
175
176
177
178
179
180
181
182
183
184
185
186
187
188
189
190
191
192
193
194
195
196
197
198
199
200
201
202
203
204
205
206
207
208
209
210
211
212
213
214
215
216
217
218
219
220
221
222
223
224
225
226
227
228
229
230
231
232
233
234
235
236
237
238
239
240
241
242
243
244
245
246
247
248
249
250
251
252
253
254
255
 0
 2
 4
 6
 8
10
12
14
16
18
20
22
24
26
28
30
32
34
36
38
40
42
44
46
48
50
52
54
56
58
60
62
64
66
68
70
72
74
76
78
80
82
84
86
88
90
92
94
96
98
100
102
104
106
108
110
112
114
116
118
120
122
124
126
128
130
132
134
136
138
140
142
144
146
148
150
152
154
156
158
160
162
164
166
168
170
172
174
176
178
180
182
184
186
188
190
192
194
196
198
200
202
204
206
208
210
212
214
216
218
220
222
224
226
228
230
232
234
236
238
240
242
244
246
248
250
252
254
256
258
260
262
264
266
268
270
272
274
276
278
280
282
284
286
288
290
292
294
296
298
300
302
304
306
308
310
312
314
316
318
320
322
324
326
328
330
332
334
336
338
340
342
344
346
348
350
352
354
356
358
360
362
364
366
368
370
372
374
376
378
380
382
384
386
388
390
392
394
396
398
400
402
404
406
408
410
412
414
416
418
420
422
424
426
428
430
432
434
436
438
440
442
444
446
448
450
452
454
456
458
460
462
464
466
468
470
472
474
476
478
480
482
484
486
488
490
492
494
496
498
500
502
504
506
508
510
 0
 3
 6
 9
12
15
18
21
24
27
30
33
36
39
42
45
48
51
54
57
60
63
66
69
72
75
78
81
84
87
90
93
96
99
102
105
108
111
114
117
120
123
126
129
132
135
138
141
144
147
150
153
156
159
162
165
168
171
174
177
180
183
186
189
192
195
198
201
204
207
210
213
216
219
222
225
228
231
234
237
240
243
246
249
252
255
258
261
264
267
270
273
276
279
282
285
288
291
294
297
300
303
306
309
312
315
318
321
324
327
330
333
336
339
342
345
348
351
354
357
360
363
366
369
372
375
378
381
384
387
390
393
396
399
402
405
408
411
414
417
420
423
426
429
432
435
438
441
444
447
450
453
456
459
462
465
468
471
474
477
480
483
486
489
492
495
498
501
504
507
510
513
516
519
522
525
528
531
534
537
540
543
546
549
552
555
558
561
564
567
570
573
576
579
582
585
588
591
594
597
600
603
606
609
612
615
618
621
624
627
630
633
636
639
642
645
648
651
654
657
660
663
666
669
672
675
678
681
684
687
690
693
696
699
702
705
708
711
714
717
720
723
726
729
732
735
738
741
744
747
750
753
756
759
762
765
 0
 0
 0
 0
 0
 0
 0
 0
 0
 0
 0
 0
 0
 0
 0
 0
 0
 0
 0
 0
 0
 0
 0
 0
 0
 0
 0
 0
 0
 0
 0
 0
 0
 0
 0
 0
 0
 0
 0
 0
 0
 0
 0
 0
 0
 0
 0
 0
 0
 0
 0
 0
 0
 0
 0
 0
 0
 0
 0
 0
 0
 0
 0
 0
 0
 4
 8
12
16
20
24
28
32
36
40
44
48
52
56
60
64
68
72
76
80
84
88
92
96
100
104
108
112
116
120
124
128
132
136
140
144
148
152
156
160
164
168
172
176
180
184
188
192
196
200
204
208
212
216
220
224
228
232
236
240
244
248
252
 0
 8
16
24
32
40
48
56
64
72
80
88
96
104
112
120
128
136
144
152
160
168
176
184
192
200
208
216
224
232
240
248
256
264
272
280
288
296
304
312
320
328
336
344
352
360
368
376
384
392
400
408
416
424
432
440
448
456
464
472
480
488
496
504
 0
12
24
36
48
60
72
84
96
108
120
132
144
156
168
180
192
204
216
228
240
252
264
276
288
300
312
324
336
348
360
372
384
396
408
420
432
444
456
468
480
492
504
516
528
540
552
564
576
588
600
612
624
636
648
660
672
684
696
708
720
732
744
756
 0
 0
 0
 0
 0
 0
 0
 0
 0
 0
 0
 0
 0
 0
 0
 0
 0
 0
 0
 0
 0
 0
 0
 0
 0
 0
 0
 0
 0
 0
 0
 0
 0
 0
 0
 0
 0
 0
 0
 0
 0
 0
 0
 0
 0
 0
 0
 0
 0
 0
 0
 0
 0
 0
 0
 0
 0
 0
 0
 0
 0
 0
 0
 0
 0
 4
 8
12
16
20
24
28
32
36
40
44
48
52
56
60
64
68
72
76
80
84
88
92
96
100
104
108
112
116
120
124
128
132
136
140
144
148
152
156
160
164
168
172
176
180
184
188
192
196
200
204
208
212
216
220
224
228
232
236
240
244
248
252
 0
 8
16
24
32
40
48
56
64
72
80
88
96
104
112
120
128
136
144
152
160
168
176
184
192
200
208
216
224
232
240
248
256
264
272
280
288
296
304
312
320
328
336
344
352
360
368
376
384
392
400
408
416
424
432
440
448
456
464
472
480
488
496
504
 0
12
24
36
48
60
72
84
96
108
120
132
144
156
168
180
192
204
216
228
240
252
264
276
288
300
312
324
336
348
360
372
384
396
408
420
432
444
456
468
480
492
504
516
528
540
552
564
576
588
600
612
624
636
648
660
672
684
696
708
720
732
744
756
 0
 0
 0
 0
 0
 0
 0
 0
 0
 0
 0
 0
 0
 0
 0
 0
 0
 0
 0
 0
 0
 0
 0
 0
 0
 0
 0
 0
 0
 0
 0
 0
 0
 0
 0
 0
 0
 0
 0
 0
 0
 0
 0
 0
 0
 0
 0
 0
 0
 0
 0
 0
 0
 0
 0
 0
 0
 0
 0
 0
 0
 0
 0
 0
 0
 4
 8
12
16
20
24
28
32
36
40
44
48
52
56
60
64
68
72
76
80
84
88
92
96
100
104
108
112
116
120
124
128
132
136
140
144
148
152
156
160
164
168
172
176
180
184
188
192
196
200
204
208
212
216
220
224
228
232
236
240
244
248
252
 0
 8
16
24
32
40
48
56
64
72
80
88
96
104
112
120
128
136
144
152
160
168
176
184
192
200
208
216
224
232
240
248
256
264
272
280
288
296
304
312
320
328
336
344
352
360
368
376
384
392
400
408
416
424
432
440
448
456
464
472
480
488
496
504
 0
12
24
36
48
60
72
84
96
108
120
132
144
156
168
180
192
204
216
228
240
252
264
276
288
300
312
324
336
348
360
372
384
396
408
420
432
444
456
468
480
492
504
516
528
540
552
564
576
588
600
612
624
636
648
660
672
684
696
708
720
732
744
756
 0
 0
 0
 0
 0
 0
 0
 0
 0
 0
 0
 0
 0
 0
 0
 0
 0
 0
 0
 0
 0
 0
 0
 0
 0
 0
 0
 0
 0
 0
 0
 0
 0
 0
 0
 0
 0
 0
 0
 0
 0
 0
 0
 0
 0
 0
 0
 0
 0
 0
 0
 0
 0
 0
 0
 0
 0
 0
 0
 0
 0
 0
 0
 0
 0
 4
 8
12
16
20
24
28
32
36
40
44
48
52
56
60
64
68
72
76
80
84
88
92
96
100
104
108
112
116
120
124
128
132
136
140
144
148
152
156
160
164
168
172
176
180
184
188
192
196
200
204
208
212
216
220
224
228
232
236
240
244
248
252
 0
 8
16
24
32
40
48
56
64
72
80
88
96
104
112
120
128
136
144
152
160
168
176
184
192
200
208
216
224
232
240
248
256
264
272
280
288
296
304
312
320
328
336
344
352
360
368
376
384
392
400
408
416
424
432
440
448
456
464
472
480
488
496
504
 0
12
24
36
48
60
72
84
96
108
120
132
144
156
168
180
192
204
216
228
240
252
264
276
288
300
312
324
336
348
360
372
384
396
408
420
432
444
456
468
480
492
504
516
528
540
552
564
576
588
600
612
624
636
648
660
672
684
696
708
720
732
744
756
 0
 0
 0
 0
 0
 0
 0
 0
 0
 0
 0
 0
 0
 0
 0
 0
 0
16
32
48
64
80
96
112
128
144
160
176
192
208
224
240
 0
32
64
96
128
160
192
224
256
288
320
352
384
416
448
480
 0
48
96
144
192
240
288
336
384
432
480
528
576
624
672
720
 0
 0
 0
 0
 0
 0
 0
 0
 0
 0
 0
 0
 0
 0
 0
 0
 0
16
32
48
64
80
96
112
128
144
160
176
192
208
224
240
 0
32
64
96
128
160
192
224
256
288
320
352
384
416
448
480
 0
48
96
144
192
240
288
336
384
432
480
528
576
624
672
720
 0
 0
 0
 0
 0
 0
 0
 0
 0
 0
 0
 0
 0
 0
 0
 0
 0
16
32
48
64
80
96
112
128
144
160
176
192
208
224
240
 0
32
64
96
128
160
192
224
256
288
320
352
384
416
448
480
 0
48
96
144
192
240
288
336
384
432
480
528
576
624
672
720
 0
 0
 0
 0
 0
 0
 0
 0
 0
 0
 0
 0
 0
 0
 0
 0
 0
16
32
48
64
80
96
112
128
144
160
176
192
208
224
240
 0
32
64
96
128
160
192
224
256
288
320
352
384
416
448
480
 0
48
96
144
192
240
288
336
384
432
480
528
576
624
672
720
 0
 0
 0
 0
 0
 0
 0
 0
 0
 0
 0
 0
 0
 0
 0
 0
 0
16
32
48
64
80
96
112
128
144
160
176
192
208
224
240
 0
32
64
96
128
160
192
224
256
288
320
352
384
416
448
480
 0
48
96
144
192
240
288
336
384
432
480
528
576
624
672
720
 0
 0
 0
 0
 0
 0
 0
 0
 0
 0
 0
 0
 0
 0
 0
 0
 0
16
32
48
64
80
96
112
128
144
160
176
192
208
224
240
 0
32
64
96
128
160
192
224
256
288
320
352
384
416
448
480
 0
48
96
144
192
240
288
336
384
432
480
528
576
624
672
720
 0
 0
 0
 0
 0
 0
 0
 0
 0
 0
 0
 0
 0
 0
 0
 0
 0
16
32
48
64
80
96
112
128
144
160
176
192
208
224
240
 0
32
64
96
128
160
192
224
256
288
320
352
384
416
448
480
 0
48
96
144
192
240
288
336
384
432
480
528
576
624
672
720
 0
 0
 0
 0
 0
 0
 0
 0
 0
 0
 0
 0
 0
 0
 0
 0
 0
16
32
48
64
80
96
112
128
144
160
176
192
208
224
240
 0
32
64
96
128
160
192
224
256
288
320
352
384
416
448
480
 0
48
96
144
192
240
288
336
384
432
480
528
576
624
672
720
 0
 0
 0
 0
 0
 0
 0
 0
 0
 0
 0
 0
 0
 0
 0
 0
 0
16
32
48
64
80
96
112
128
144
160
176
192
208
224
240
 0
32
64
96
128
160
192
224
256
288
320
352
384
416
448
480
 0
48
96
144
192
240
288
336
384
432
480
528
576
624
672
720
 0
 0
 0
 0
 0
 0
 0
 0
 0
 0
 0
 0
 0
 0
 0
 0
 0
16
32
48
64
80
96
112
128
144
160
176
192
208
224
240
 0
32
64
96
128
160
192
224
256
288
320
352
384
416
448
480
 0
48
96
144
192
240
288
336
384
432
480
528
576
624
672
720
 0
 0
 0
 0
 0
 0
 0
 0
 0
 0
 0
 0
 0
 0
 0
 0
 0
16
32
48
64
80
96
112
128
144
160
176
192
208
224
240
 0
32
64
96
128
160
192
224
256
288
320
352
384
416
448
480
 0
48
96
144
192
240
288
336
384
432
480
528
576
624
672
720
 0
 0
 0
 0
 0
 0
 0
 0
 0
 0
 0
 0
 0
 0
 0
 0
 0
16
32
48
64
80
96
112
128
144
160
176
192
208
224
240
 0
32
64
96
128
160
192
224
256
288
320
352
384
416
448
480
 0
48
96
144
192
240
288
336
384
432
480
528
576
624
672
720
 0
 0
 0
 0
 0
 0
 0
 0
 0
 0
 0
 0
 0
 0
 0
 0
 0
16
32
48
64
80
96
112
128
144
160
176
192
208
224
240
 0
32
64
96
128
160
192
224
256
288
320
352
384
416
448
480
 0
48
96
144
192
240
288
336
384
432
480
528
576
624
672
720
 0
 0
 0
 0
 0
 0
 0
 0
 0
 0
 0
 0
 0
 0
 0
 0
 0
16
32
48
64
80
96
112
128
144
160
176
192
208
224
240
 0
32
64
96
128
160
192
224
256
288
320
352
384
416
448
480
 0
48
96
144
192
240
288
336
384
432
480
528
576
624
672
720
 0
 0
 0
 0
 0
 0
 0
 0
 0
 0
 0
 0
 0
 0
 0
 0
 0
16
32
48
64
80
96
112
128
144
160
176
192
208
224
240
 0
32
64
96
128
160
192
224
256
288
320
352
384
416
448
480
 0
48
96
144
192
240
288
336
384
432
480
528
576
624
672
720
 0
 0
 0
 0
 0
 0
 0
 0
 0
 0
 0
 0
 0
 0
 0
 0
 0
16
32
48
64
80
96
112
128
144
160
176
192
208
224
240
 0
32
64
96
128
160
192
224
256
288
320
352
384
416
448
480
 0
48
96
144
192
240
288
336
384
432
480
528
576
624
672
720
 0
 0
 0
 0
 0
64
128
192
 0
128
256
384
 0
192
384
576
 0
 0
 0
 0
 0
64
128
192
 0
128
256
384
 0
192
384
576
 0
 0
 0
 0
 0
64
128
192
 0
128
256
384
 0
192
384
576
 0
 0
 0
 0
 0
64
128
192
 0
128
256
384
 0
192
384
576
 0
 0
 0
 0
 0
64
128
192
 0
128
256
384
 0
192
384
576
 0
 0
 0
 0
 0
64
128
192
 0
128
256
384
 0
192
384
576
 0
 0
 0
 0
 0
64
128
192
 0
128
256
384
 0
192
384
576
 0
 0
 0
 0
 0
64
128
192
 0
128
256
384
 0
192
384
576
 0
 0
 0
 0
 0
64
128
192
 0
128
256
384
 0
192
384
576
 0
 0
 0
 0
 0
64
128
192
 0
128
256
384
 0
192
384
576
 0
 0
 0
 0
 0
64
128
192
 0
128
256
384
 0
192
384
576
 0
 0
 0
 0
 0
64
128
192
 0
128
256
384
 0
192
384
576
 0
 0
 0
 0
 0
64
128
192
 0
128
256
384
 0
192
384
576
 0
 0
 0
 0
 0
64
128
192
 0
128
256
384
 0
192
384
576
 0
 0
 0
 0
 0
64
128
192
 0
128
256
384
 0
192
384
576
 0
 0
 0
 0
 0
64
128
192
 0
128
256
384
 0
192
384
576
 0
 0
 0
 0
 0
64
128
192
 0
128
256
384
 0
192
384
576
 0
 0
 0
 0
 0
64
128
192
 0
128
256
384
 0
192
384
576
 0
 0
 0
 0
 0
64
128
192
 0
128
256
384
 0
192
384
576
 0
 0
 0
 0
 0
64
128
192
 0
128
256
384
 0
192
384
576
 0
 0
 0
 0
 0
64
128
192
 0
128
256
384
 0
192
384
576
 0
 0
 0
 0
 0
64
128
192
 0
128
256
384
 0
192
384
576
 0
 0
 0
 0
 0
64
128
192
 0
128
256
384
 0
192
384
576
 0
 0
 0
 0
 0
64
128
192
 0
128
256
384
 0
192
384
576
 0
 0
 0
 0
 0
64
128
192
 0
128
256
384
 0
192
384
576
 0
 0
 0
 0
 0
64
128
192
 0
128
256
384
 0
192
384
576
 0
 0
 0
 0
 0
64
128
192
 0
128
256
384
 0
192
384
576
 0
 0
 0
 0
 0
64
128
192
 0
128
256
384
 0
192
384
576
 0
 0
 0
 0
 0
64
128
192
 0
128
256
384
 0
192
384
576
 0
 0
 0
 0
 0
64
128
192
 0
128
256
384
 0
192
384
576
 0
 0
 0
 0
 0
64
128
192
 0
128
256
384
 0
192
384
576
 0
 0
 0
 0
 0
64
128
192
 0
128
256
384
 0
192
384
576
 0
 0
 0
 0
 0
64
128
192
 0
128
256
384
 0
192
384
576
 0
 0
 0
 0
 0
64
128
192
 0
128
256
384
 0
192
384
576
 0
 0
 0
 0
 0
64
128
192
 0
128
256
384
 0
192
384
576
 0
 0
 0
 0
 0
64
128
192
 0
128
256
384
 0
192
384
576
 0
 0
 0
 0
 0
64
128
192
 0
128
256
384
 0
192
384
576
 0
 0
 0
 0
 0
64
128
192
 0
128
256
384
 0
192
384
576
 0
 0
 0
 0
 0
64
128
192
 0
128
256
384
 0
192
384
576
 0
 0
 0
 0
 0
64
128
192
 0
128
256
384
 0
192
384
576
 0
 0
 0
 0
 0
64
128
192
 0
128
256
384
 0
192
384
576
 0
 0
 0
 0
 0
64
128
192
 0
128
256
384
 0
192
384
576
 0
 0
 0
 0
 0
64
128
192
 0
128
256
384
 0
192
384
576
 0
 0
 0
 0
 0
64
128
192
 0
128
256
384
 0
192
384
576
 0
 0
 0
 0
 0
64
128
192
 0
128
256
384
 0
192
384
576
 0
 0
 0
 0
 0
64
128
192
 0
128
256
384
 0
192
384
576
 0
 0
 0
 0
 0
64
128
192
 0
128
256
384
 0
192
384
576
 0
 0
 0
 0
 0
64
128
192
 0
128
256
384
 0
192
384
576
 0
 0
 0
 0
 0
64
128
192
 0
128
256
384
 0
192
384
576
 0
 0
 0
 0
 0
64
128
192
 0
128
256
384
 0
192
384
576
 0
 0
 0
 0
 0
64
128
192
 0
128
256
384
 0
192
384
576
 0
 0
 0
 0
 0
64
128
192
 0
128
256
384
 0
192
384
576
 0
 0
 0
 0
 0
64
128
192
 0
128
256
384
 0
192
384
576
 0
 0
 0
 0
 0
64
128
192
 0
128
256
384
 0
192
384
576
 0
 0
 0
 0
 0
64
128
192
 0
128
256
384
 0
192
384
576
 0
 0
 0
 0
 0
64
128
192
 0
128
256
384
 0
192
384
576
 0
 0
 0
 0
 0
64
128
192
 0
128
256
384
 0
192
384
576
 0
 0
 0
 0
 0
64
128
192
 0
128
256
384
 0
192
384
576
 0
 0
 0
 0
 0
64
128
192
 0
128
256
384
 0
192
384
576
 0
 0
 0
 0
 0
64
128
192
 0
128
256
384
 0
192
384
576
 0
 0
 0
 0
 0
64
128
192
 0
128
256
384
 0
192
384
576
 0
 0
 0
 0
 0
64
128
192
 0
128
256
384
 0
192
384
576
 0
 0
 0
 0
 0
64
128
192
 0
128
256
384
 0
192
384
576
 0
 0
 0
 0
 0
64
128
192
 0
128
256
384
 0
192
384
576
 0
 0
 0
 0
 0
 0
 0
 0
 0
 0
 0
 0
 0
 0
 0
 0
 0
 0
 0
 0
 0
 0
 0
 0
 0
 0
 0
 0
 0
 0
 0
 0
 0
 0
 0
 0
 0
 0
 0
 0
 0
 0
 0
 0
 0
 0
 0
 0
 0
 0
 0
 0
 0
 0
 0
 0
 0
 0
 0
 0
 0
 0
 0
 0
 0
 0
 0
 0
 0
 0
 0
 0
 0
 0
 0
 0
 0
 0
 0
 0
 0
 0
 0
 0
 0
 0
 0
 0
 0
 0
 0
 0
 0
 0
 0
 0
 0
 0
 0
 0
 0
 0
 0
 0
 0
 0
 0
 0
 0
 0
 0
 0
 0
 0
 0
 0
 0
 0
 0
 0
 0
 0
 0
 0
 0
 0
 0
 0
 0
 0
 0
 0
 0
 0
 0
 0
 0
 0
 0
 0
 0
 0
 0
 0
 0
 0
 0
 0
 0
 0
 0
 0
 0
 0
 0
 0
 0
 0
 0
 0
 0
 0
 0
 0
 0
 0
 0
 0
 0
 0
 0
 0
 0
 0
 0
 0
 0
 0
 0
 0
 0
 0
 0
 0
 0
 0
 0
 0
 0
 0
 0
 0
 0
 0
 0
 0
 0
 0
 0
 0
 0
 0
 0
 0
 0
 0
 0
 0
 0
 0
 0
 0
 0
 0
 0
 0
 0
 0
 0
 0
 0
 0
 0
 0
 0
 0
 0
 0
 0
 0
 0
 0
 0
 0
 0
 0
 0
 0
 0
 0
 0
 0
 0
 0
 0
 0
 0
 0
 0
 0
 0
 0
 0
 0
 0
 0
 0
 0
 0
 0
 0
 0
 0
 0
 0
 0
 0
 0
 0
 0
 0
 0
 0
 0
 0
 0
 0
 0
 0
 0
 0
 0
 0
 0
 0
 0
 0
 0
 0
 0
 0
 0
 0
 0
 0
 0
 0
 0
 0
 0
 0
 0
 0
 0
 0
 0
 0
 0
 0
 0
 0
 0
 0
 0
 0
 0
 0
 0
 0
 0
 0
 0
 0
 0
 0
 0
 0
 0
 0
 0
 0
 0
 0
 0
 0
 0
 0
 0
 0
 0
 0
 0
 0
 0
 0
 0
 0
 0
 0
 0
 0
 0
 0
 0
 0
 0
 0
 0
 0
 0
 0
 0
 0
 0
 0
 0
 0
 0
 0
 0
 0
 0
 0
 0
 0
 0
 0
 0
 0
 0
 0
 0
 0
 0
 0
 0
 0
 0
 0
 0
 0
 0
 0
 0
 0
 0
 0
 0
 0
 0
 0
 0
 0
 0
 0
 0
 0
 0
 0
 0
 0
 0
 0
 0
 0
 0
 0
 0
 0
 0
 0
 0
 0
 0
 0
 0
 0
 0
 0
 0
 0
 0
 0
 0
 0
 0
 0
 0
 0
 0
 0
 0
 0
 0
 0
 0
 0
 0
 0
 0
 0
 0
 0
 0
 0
 0
 0
 0
 0
 0
 0
 0
 0
 0
 0
 0
 0
 0
 0
 0
 0
 0
 0
 0
 0
 0
 0
 0
 0
 0
 0
 0
 0
 0
 0
 0
 0
 0
 0
 0
 0
 0
 0
 0
 0
 0
 0
 0
 0
 0
 0
 0
 0
 0
 0
 0
 0
 0
 0
 0
 0
 0
 0
 0
 0
 0
 0
 0
 0
 0
 0
 0
 0
 0
 0
 0
 0
 0
 0
 0
 0
 0
 0
 0
 0
 0
 0
 0
 0
 0
 0
 0
 0
 0
 0
 0
 0
 0
 0
 0
 0
 0
 0
 0
 0
 0
 0
 0
 0
 0
 0
 0
 0
 0
 0
 0
 0
 0
 0
 0
 0
 0
 0
 0
 0
 0
 0
 0
 0
 0
 0
 0
 0
 0
 0
 0
 0
 0
 0
 0
 0
 0
 0
 0
 0
 0
 0
 0
 0
 0
 0
 0
 0
 0
 0
 0
 0
 0
 0
 0
 0
 0
 0
 0
 0
 0
 0
 0
 0
 0
 0
 0
 0
 0
 0
 0
 0
 0
 0
 0
 0
 0
 0
 0
 0
 0
 0
 0
 0
 0
 0
 0
 0
 0
 0
 0
 0
 0
 0
 0
 0
 0
 0
 0
 0
 0
 0
 0
 0
 0
 0
 0
 0
 0
 0
 0
 0
 0
 0
 0
 0
 0
 0
 0
 0
 0
 0
 0
 0
 0
 0
 0
 0
 0
 0
 0
 0
 0
 0
 0
 0
 0
 0
 0
 0
 0
 0
 0
 0
 0
 0
 0
 0
 0
 0
 0
 0
 0
 0
 0
 0
 0
 0
 0
 0
 0
 0
 0
 0
 0
 0
 0
 0
 0
 0
 0
 0
 0
 0
 0
 0
 0
 0
 0
 0
 0
 0
 0
 0
 0
 0
 0
 0
 0
 0
 0
 0
 0
 0
 0
 0
 0
 0
 0
 0
 0
 0
 0
 0
 0
 0
 0
 0
 0
 0
 0
 0
 0
 0
 0
 0
 0
 0
 0
 0
 0
 0
 0
 0
 0
 0
 0
 0
 0
 0
 0
 0
 0
 0
 0
 0
 0
 0
 0
 0
 0
 0
 0
 0
 0
 0
 0
 0
 0
 0
 0
 0
 0
 0
 0
 0
 0
 0
 0
 0
 0
 0
 0
 0
 0
 0
 0
 0
 0
 0
 0
 0
 0
 0
 0
 0
 0
 0
 0
 0
 0
 0
 0
 0
 0
 0
 0
 0
 0
 0
 0
 0
 0
 0
 0
 0
 0
 0
 0
 0
 0
 0
 0
 0
 0
 0
 0
 0
 0
 0
 0
 0
 0
 0
 0
 0
 0
 0
 0
 0
 0
 0
 0
 0
 0
 0
 0
 0
 0
 0
 0
 0
 0
 0
 0
 0
 0
 0
 0
 0
 0
 0
 0
 0
 0
 0
 0
 0
 0
 0
 0
 0
 0
 0
 0
 0
 0
 0
 0
 0
 0
 0
 0
 0
 0
 0
 0
 0
 0
 0
 0
 0
 0
 0
 0
 0
 0
 0
 0
 0
 0
 0
 0
 0
 0
 0
 0
 0
 0
 0
 0
 0
 0
 0
 0
 0
 0
 0
 0
 0
 0
 0
 0
 0
 0
 0
 0
 0
 0
 0
 0
 0
 0
 0
 0
 0
 0
 0
 0
 0
 0
 0
 0
 0
 0
 0
 0
 0
 0
 0
 0
 0
 0
 0
 0
 0
 0
 0
 0
 0
 0
 0
 0
 0
 0
 0
 0
 0
 0
 0
 0
 0
 0
 0
 0
 0
 0
 0
 0
 0
 0
 0
 0
 0
 0
 0
 0
 0
 0
