 0
 0
 0
 0
 0
 0
 0
 0
 0
 0
 0
 0
 0
 0
 0
 0
 0
 1
 2
 3
 4
 5
 6
 7
 8
 9
10
11
12
13
14
15
 0
 2
 4
 6
 8
10
12
14
16
18
20
22
24
26
28
30
 0
 3
 6
 9
12
15
18
21
24
27
30
33
36
39
42
45
 0
 0
 0
 0
 0
 4
 8
12
 0
 8
16
24
 0
12
24
36
 0
 0
 0
 0
 0
 4
 8
12
 0
 8
16
24
 0
12
24
36
 0
 0
 0
 0
 0
 4
 8
12
 0
 8
16
24
 0
12
24
36
 0
 0
 0
 0
 0
 4
 8
12
 0
 8
16
24
 0
12
24
36
 0
 0
 0
 0
 0
 0
 0
 0
 0
 0
 0
 0
 0
 0
 0
 0
 0
 0
 0
 0
 0
 0
 0
 0
 0
 0
 0
 0
 0
 0
 0
 0
 0
 0
 0
 0
 0
 0
 0
 0
 0
 0
 0
 0
 0
 0
 0
 0
 0
 0
 0
 0
 0
 0
 0
 0
 0
 0
 0
 0
 0
 0
 0
 0
